32197
32197
32197
32197
32197
32197
32197
32197
32197
8667
8667
5703
5703
5703
5703
5703
5703
5703
5703
5703
5703
5703
5703
5703
5703
5703
5703
5703
5703
5703
5703
5703
5703
5703
5703
5703
5703
5703
5703
5703
5703
5703
5703
5703
5703
5703
5703
5703
5703
5703
5703
5703
5703
5703
5703
5703
5703
5703
5703
5703
5703
5703
5703
5703
5703
5703
5703
5703
5703
5703
5703
5703
5703
5703
5703
5703
5703
5703
5703
5703
5703
5703
5703
5703
5703
5703
5703
5703
5703
5703
5703
5703
5703
5703
5703
5703
5703
5703
5703
5703
5703
5703
5703
5703
5703
5703
5703
5703
5703
5703
5703
5703
5703
5703
5703
5703
5703
5703
28447
28447
28447
28447
28447
28447
28447
28447
28447
28447
28447
28447
